5.414126236043651328e-24
5.427524647921339951e-24
5.440946724086610131e-24
5.454392114085234459e-24
5.467860528669210929e-24
5.481351713172710000e-24
5.494865433555677759e-24
5.508401470614329346e-24
5.521959619321151490e-24
5.535539682317997608e-24
5.549141464799211593e-24
5.562764780139015346e-24
5.576409446847968027e-24
5.590075283153480125e-24
5.603762111929794890e-24
5.617469761134962926e-24
5.631198057270025017e-24
5.644946830336002747e-24
5.658715915279645610e-24
5.672505144275387836e-24
5.686314354142864682e-24
5.700143385219498002e-24
5.713992074387768653e-24
5.727860265362085846e-24
5.741747801828107666e-24
5.755654526534129494e-24
5.769580289191516888e-24
5.783524934934464641e-24
5.797488315068222692e-24
5.811470281137363547e-24
5.825470683729558086e-24
5.839489380021137719e-24
5.853526222019590505e-24
5.867581069943868779e-24
5.881653779492374006e-24
5.895744212019846143e-24
5.909852228171458552e-24
5.923977689682850298e-24
5.938120461926608374e-24
5.952280407615088633e-24
5.966457395900252567e-24
5.980651291282455669e-24
5.994861965974440275e-24
6.009089286678359776e-24
6.023333128272004973e-24
6.037593359837617322e-24
6.051869858685872283e-24
6.066162496377818860e-24
6.080471152434668007e-24
6.094795701063723978e-24
6.109136023640027992e-24
6.123491997393650392e-24
6.137863504924858242e-24
6.152250427185968093e-24
6.166652647029195120e-24
6.181070049812019486e-24
6.195502518443829470e-24
6.209949942230713454e-24
6.224412205059470781e-24
6.238889198704777190e-24
6.253380809830470573e-24
6.267886930373134855e-24
6.282407451902898737e-24
6.296942264936290927e-24
6.311491265998040819e-24
6.326054346355862092e-24
6.340631403782903219e-24
6.355222334022041444e-24
6.369827032768052782e-24
6.384445401274482034e-24
6.399077336010808155e-24
6.413722738338219637e-24
6.428381510107989138e-24
6.443053550767006724e-24
6.457738765917989072e-24
6.472437058277985409e-24
6.487148330924956993e-24
6.501872492224686828e-24
6.516609446836323011e-24
6.531359101133863737e-24
6.546121365805043796e-24
6.560896147985470051e-24
6.575683356825169051e-24
6.590482905431418387e-24
6.605294703676339769e-24
6.620118663040272238e-24
6.634954699227586522e-24
6.649802725108821525e-24
6.664662654387297329e-24
6.679534405241170646e-24
6.694417894104265958e-24
6.709313037457374622e-24
6.724219755311072718e-24
6.739137968960587084e-24
6.754067598823721778e-24
6.769008567631709574e-24
6.783960802788161706e-24
6.798924231961344611e-24
6.813898786299863748e-24
6.828884403574377963e-24
6.843881030533929342e-24
6.858888626008701690e-24
6.873907173656506754e-24
6.888936700397747676e-24
6.903977314824918785e-24
6.919029323722272361e-24
6.934093562647999600e-24
6.949172381188629871e-24
6.964271294552814691e-24
6.978910237470448672e-24
7.006828966810145247e-24
7.009136172844742424e-24
7.024707765719575736e-24
7.039815668880765555e-24
7.054946228817163156e-24
7.070092528904172924e-24
7.085251025043232207e-24
7.100420373064697016e-24
7.115599950005431123e-24
7.130789438960297845e-24
7.145988647555288525e-24
7.161197441541717538e-24
7.176415717077044293e-24
7.191643384030114544e-24
7.206880362244262381e-24
7.222126577877852320e-24
7.237381961232641650e-24
7.252646446488766701e-24
7.267919969450309249e-24
7.283202466801260019e-24
7.298493876522782446e-24
7.313794137664346864e-24
7.329103190187137025e-24
7.344420975400036545e-24
7.359747435470740806e-24
7.375082512471080688e-24
7.390426149094259260e-24
7.405778288623561593e-24
7.421138874904460278e-24
7.436507852322786497e-24
7.451885166142092491e-24
7.467270762312768913e-24
7.482664586689068610e-24
7.498066585602262974e-24
7.513476705858185162e-24
7.528894894728719513e-24
7.544321099942894244e-24
7.559755269680264883e-24
7.575197352641457153e-24
7.590647298335050781e-24
7.606105056282259118e-24
7.621570576350651988e-24
7.637043808828383747e-24
7.652524704418813924e-24
7.668013214235464357e-24
7.683509289796967500e-24
7.699012883022191063e-24
7.714523946225509583e-24
7.730042432112043679e-24
7.745568293861177446e-24
7.761101485154677758e-24
7.776641959823683025e-24
7.792189672062981120e-24
7.807744576437922753e-24
7.823306627881056625e-24
7.838875781687878538e-24
7.854451993513096267e-24
7.870035219366606431e-24
7.885625415610182534e-24
7.901222538953390125e-24
7.916826546450216068e-24
7.932437395495618464e-24
7.948055043821834131e-24
7.963679449494935874e-24
7.979310570911980444e-24
7.994948366796995692e-24
8.010592796198393010e-24
8.026243818494697872e-24
8.041901393407381820e-24
8.057565480931146831e-24
8.073236041368680283e-24
8.088913035332349130e-24
8.104596423741515370e-24
8.120286167819059521e-24
8.135982229089066364e-24
8.151684569373742212e-24
8.167393150790708330e-24
8.183107935750679338e-24
8.198828886954359905e-24
8.214555967389882170e-24
8.230289140331073357e-24
8.246028369334038026e-24
8.261773618235084796e-24
8.277524851149048324e-24
8.293282032466453428e-24
8.309045126851387439e-24
8.324814099239853043e-24
8.340588914838007975e-24
8.356369539119828726e-24
8.372155937826340595e-24
8.387948076963954360e-24
8.403745922803032181e-24
8.419549441878303426e-24
8.435358600987529019e-24
8.451173367192409508e-24
8.466993707811361652e-24
8.482819590395200381e-24
8.498650982792763708e-24
8.514487853132210616e-24
8.530330169823895137e-24
8.546177901571717222e-24
8.562031017388333637e-24
8.577889486618822136e-24
8.593753278972656373e-24
8.609622364572766632e-24
8.625496714027794522e-24
8.641376298541675502e-24
8.657261090084275110e-24
8.673151061663502680e-24
8.689046187774300226e-24
8.704946445167406930e-24
8.720851814222874335e-24
8.736762281532756737e-24
8.752677845035567650e-24
8.768598524807785214e-24
8.784524389655185971e-24
8.800455627487035037e-24
8.816392728323785158e-24
8.832335715055549831e-24
8.848265401909824667e-24
8.864827399243075899e-24
8.880773502951042123e-24
8.896090850033485901e-24
8.912106487885588361e-24
8.928072529251827593e-24
8.944044595882376146e-24
8.960021969116451762e-24
8.976004286099160968e-24
8.991991378848498062e-24
9.007983154372575789e-24
9.023979551819132870e-24
9.039980526180421364e-24
9.055986040738707073e-24
9.071996063410905297e-24
9.088010564871951121e-24
9.104029517536791915e-24
9.120052894952922715e-24
9.136080671049918304e-24
9.152112820662259300e-24
9.168149319239644799e-24
9.184190142603247745e-24
9.200235266890404982e-24
9.216284668515341046e-24
9.232338324141023898e-24
9.248396210658432134e-24
9.264458304844143772e-24
9.280524583532840047e-24
9.296595024194138121e-24
9.312669604484951076e-24
9.328748302240711388e-24
9.344831095471300766e-24
9.360917962357691186e-24
9.377008881174221203e-24
9.393103829735641934e-24
9.409202786524388229e-24
9.425305730351076797e-24
9.441412640184597312e-24
9.457523495150546074e-24
9.473638274529846263e-24
9.489756957615693223e-24
9.505879523172690406e-24
9.522005950784007040e-24
9.538136220310547873e-24
9.554270311761547407e-24
9.570408205293406161e-24
9.586549881201783999e-24
9.602695319203242309e-24
9.618844499376759143e-24
9.634997402430174112e-24
9.651154009213056183e-24
9.667314300715604587e-24
9.683478258063071103e-24
9.699645861736499869e-24
9.715817092547620688e-24
9.731991932013761194e-24
9.748170361788111187e-24
9.764352363658680854e-24
9.780537919442137465e-24
9.796727010087712804e-24
9.812919617466597976e-24
9.829115723871967459e-24
9.845315311727393316e-24
9.861518363585847498e-24
9.877724861421030097e-24
9.893934787110089036e-24
9.910148123560847154e-24
9.926364853811164883e-24
9.942584961024261784e-24
9.958808428037890945e-24
9.975035237019854493e-24
9.991265371410284660e-24
1.000749881484135860e-23
1.002373555106645574e-23
1.003997556350353263e-23
1.005621883480412493e-23
1.007246534897241851e-23
1.008871509021616103e-23
1.010496804286056586e-23
1.012122419062441909e-23
1.013748351680663789e-23
1.015374600603674172e-23
1.017001164308038843e-23
1.018628041278990069e-23
1.020255229882088619e-23
1.021882728552013448e-23
1.023510535808424407e-23
1.025138650182118860e-23
1.026767070174275978e-23
1.028395794173460512e-23
1.030024820724567239e-23
1.031654148400522211e-23
1.033283775781490326e-23
1.034913701312187791e-23
1.036543923518204090e-23
1.038174441014333595e-23
1.039805252426197273e-23
1.041436356300735702e-23
1.043067751134858948e-23
1.044699435583925783e-23
1.046331408316897651e-23
1.047963667961567541e-23
1.049596213028423801e-23
1.051229042207849352e-23
1.052862154219270638e-23
1.054495547759852153e-23
1.056129221391885695e-23
1.057763173865055082e-23
1.059397403982326644e-23
1.061031910540388986e-23
1.062666692247126962e-23
1.064301748059875026e-23
1.065937077080841433e-23
1.067572678491323020e-23
1.069208551866596341e-23
1.070844697855179276e-23
1.072481119027264657e-23
1.074117818834056733e-23
1.075754797787119769e-23
1.077265800863369272e-23
1.079253541486179457e-23
1.119021449746033285e-23
1.104141015318962105e-23
1.083636431195696253e-23
1.085579293650973596e-23
1.087220585765925185e-23
1.088859542691512160e-23
1.090498772650293568e-23
1.092138265030196317e-23
1.093778013828330313e-23
1.095418016141572600e-23
1.097058269512338006e-23
1.098698771938423754e-23
1.100339521738979450e-23
1.101980517646872878e-23
1.103621758436398886e-23
1.105263242708806625e-23
1.106904969288383984e-23
1.108546937112741796e-23
1.110189145034543943e-23
1.111831591789890377e-23
1.113474276362633528e-23
1.115117197740407099e-23
1.116760354684581231e-23
1.118403746133552135e-23
1.120047371122316385e-23
1.121691228553606576e-23
1.123335317260251737e-23
1.124979636300411413e-23
1.126624184694616395e-23
1.128268961241708501e-23
1.129913964980941355e-23
1.131559194997561271e-23
1.133204650146515969e-23
1.134850329406410473e-23
1.136496231890314899e-23
1.138142356566931761e-23
1.139788702333131608e-23
1.141435268320743391e-23
1.143082053591656495e-23
1.144729057007525277e-23
1.146376277697302252e-23
1.148023714787194421e-23
1.149671367149058990e-23
1.151319233891137732e-23
1.152967314183237909e-23
1.154615606936546124e-23
1.156264111229048837e-23
1.157912826260181349e-23
1.159561750996071988e-23
1.161210884481847738e-23
1.162860225938147469e-23
1.164509774390315035e-23
1.166159528853946946e-23
1.167809488568635890e-23
1.169459652608568686e-23
1.171110019973536735e-23
1.172760589919669579e-23
1.174411361557117113e-23
1.176062333883114035e-23
1.177713506169165502e-23
1.179364877550331162e-23
1.181016447030734846e-23
1.182668213898059890e-23
1.184320177302018923e-23
1.185972336261369797e-23
1.187624690081725959e-23
1.189277237917075162e-23
1.190929978808748865e-23
1.192582912081943369e-23
1.194236036883438148e-23
1.195889352287334506e-23
1.197542857639007426e-23
1.199196552064469512e-23
1.200850434684782184e-23
1.202504504862148070e-23
1.204158761691445628e-23
1.205813204354546366e-23
1.207467832220789190e-23
1.209122644356461304e-23
1.210777640008874573e-23
1.212432818542197491e-23
1.214088179005618522e-23
1.215743720712043291e-23
1.217399443003082703e-23
1.219055344932659084e-23
1.220711425874215871e-23
1.222367685123591983e-23
1.224024121773089782e-23
1.225680735245742846e-23
1.227337524761973901e-23
1.228994489499174204e-23
1.230651628904119821e-23
1.232308942110351220e-23
1.233966428416222436e-23
1.235624087244616289e-23
1.237281917692602801e-23
1.238939919161527825e-23
1.240598091009511790e-23
1.242256432366576027e-23
1.243914942708786250e-23
1.245573621281633334e-23
1.247232467335733753e-23
1.248891480360932365e-23
1.250550659509015219e-23
1.252210004185520718e-23
1.253869513818995065e-23
1.255529187580119209e-23
1.257189024990681771e-23
1.258849025370305445e-23
1.260509188065906727e-23
1.262169512646665912e-23
1.263829998441984041e-23
1.265490645179299534e-23
1.267151452430689248e-23
1.268812420387269610e-23
1.270473550142232733e-23
1.272134839990703471e-23
1.273796243238515906e-23
1.275457689338433292e-23
1.277122112175708436e-23
1.278786856451280515e-23
1.280445896313113162e-23
1.282105857365154948e-23
1.283768214400714415e-23
1.285430669503098507e-23
1.287093331887586395e-23
1.288756140264640985e-23
1.290419104579103322e-23
1.292082221988826432e-23
1.293745490135781577e-23
1.295408908369964756e-23
1.297072475729135688e-23
1.298736191253564364e-23
1.300400054490669293e-23
1.302064064579713105e-23
1.303728220978892234e-23
1.305392523154097899e-23
1.307056970330763370e-23
1.308721562130960602e-23
1.310386297803538419e-23
1.312051176852236020e-23
1.313716198774610973e-23
1.315381362846602838e-23
1.317046668712138802e-23
1.318712115632043626e-23
1.320377703160204860e-23
1.322043430773356190e-23
1.323709297800764948e-23
1.325375303891896367e-23
1.327041448306680069e-23
1.328707730661060010e-23
1.330374150372972234e-23
1.332040706858327705e-23
1.333707399742828744e-23
1.335374228301035176e-23
1.337041192206038496e-23
1.338708290798783983e-23
1.340375523612791104e-23
1.342042890205943504e-23
1.343710389911553977e-23
1.345378022420781367e-23
1.347045787028788682e-23
1.348713683384603576e-23
1.350381710924313786e-23
1.352049869117718463e-23
1.353718157599955914e-23
1.355386575688857088e-23
1.357055123098859140e-23
1.358723799159211771e-23
1.360392603505280159e-23
1.362061535630259613e-23
1.363730594986266027e-23
1.365399781243377224e-23
1.367069093730570186e-23
1.368738532179156881e-23
1.370408095935896584e-23
1.372077784656956315e-23
1.373747597838505384e-23
1.375417534967236265e-23
1.377087595712577317e-23
1.378757779430893663e-23
1.380428085869767285e-23
1.382098514376031222e-23
1.383769064658592517e-23
1.385439736167468808e-23
1.387110528475411392e-23
1.388781441206255905e-23
1.390452473776842245e-23
1.392123625929207589e-23
1.393794897018631489e-23
1.395466286808360566e-23
1.397137794688440794e-23
1.398809420350574093e-23
1.400481163308665338e-23
1.402153023113984253e-23
1.403824999435871038e-23
1.405497091696122061e-23
1.407169299660319945e-23
1.408841622702581246e-23
1.410514060605674607e-23
1.412186612772004561e-23
1.413859278928517877e-23
1.415532058575758466e-23
1.417204951324235090e-23
1.418877956817617210e-23
1.420551074536391863e-23
1.422224304233473957e-23
1.423897645317687695e-23
1.425571097590924661e-23
1.427244660450152434e-23
1.428918333689082629e-23
1.430592116747327995e-23
1.432266009358452745e-23
1.433940011054104078e-23
1.435614121465047169e-23
1.437288340246716706e-23
1.438962666917814462e-23
1.440637101233167873e-23
1.442311642641545028e-23
1.443986290954006074e-23
1.445661045592522823e-23
1.447335906384080726e-23
1.449010872762766241e-23
1.450685944536026340e-23
1.452361121184949327e-23
1.454036402467775981e-23
1.455711787942792554e-23
1.457387277299405812e-23
1.459062870194066660e-23
1.460738566257128556e-23
1.462414365226938505e-23
1.464090266752444231e-23
1.465766270614740180e-23
1.467442376670218557e-23
1.469118584708162597e-23
1.470794895033514341e-23
1.472471308087688082e-23
1.474147373167163130e-23
1.475823722021535988e-23
1.477506440171928831e-23
1.479191454080251973e-23
1.480864291733973704e-23
1.482532492329563456e-23
1.484208087419574027e-23
1.485886154025796002e-23
1.487563436468220086e-23
1.489240827603237720e-23
1.490918314520132607e-23
1.492595899651292320e-23
1.494273581515236037e-23
1.495951359638439370e-23
1.497629233598794052e-23
1.499307202846517555e-23
1.500985267156610561e-23
1.502663425991174792e-23
1.504341679186776271e-23
1.506020026212641977e-23
1.507698466932477161e-23
1.509377000819304472e-23
1.511055627750659439e-23
1.512734347203603711e-23
1.514413159062376956e-23
1.516092062809662624e-23
1.517771058331833315e-23
1.519450145118950472e-23
1.521129323056449533e-23
1.522808591643301303e-23
1.524487950762017180e-23
1.526167399921392458e-23
1.527846938999902474e-23
1.529526567516486743e-23
1.531206285345233071e-23
1.532886092015130863e-23
1.534565987396089627e-23
1.536245971026424848e-23
1.537926042772606246e-23
1.539606202181235362e-23
1.541286449116454732e-23
1.542966783131776337e-23
1.544647204090414069e-23
1.546327711551258384e-23
1.548008305378135022e-23
1.549688985133532918e-23
1.551369750683572082e-23
1.553050601592701002e-23
1.554731537730932923e-23
1.556412558663002566e-23
1.558093664264330450e-23
1.559774854098482854e-23
1.561456128047577678e-23
1.563137485672765852e-23
1.564818926863866528e-23
1.566500451178773047e-23
1.568182058515611780e-23
1.569863748428615580e-23
1.571545520824337053e-23
1.573227375253349738e-23
1.574909311630226053e-23
1.576591329502642824e-23
1.578273428792116408e-23
1.579955609044766690e-23
1.581637870187270739e-23
1.583320211766305625e-23
1.585002633711132154e-23
1.586685135571952410e-23
1.588367717277159390e-23
1.590050378384335225e-23
1.591733118816615514e-23
1.593415938143831333e-23
1.595098836278465951e-23
1.596781812808453350e-23
1.598464867629141032e-23
1.600148000353571537e-23
1.601831210852321469e-23
1.603514498771755987e-23
1.605197863948875757e-23
1.606881306072732547e-23
1.608564824936619201e-23
1.610248420282409797e-23
1.611932091850166094e-23
1.613615839440175129e-23
1.615299662740821282e-23
1.616983561604634674e-23
1.618667535676376503e-23
1.620351584851375464e-23
1.622035708741011947e-23
1.623719907272345942e-23
1.625404180035207502e-23
1.627088526975684047e-23
1.628772947675584647e-23
1.630457442085616416e-23
1.632142009794878543e-23
1.633826650742553303e-23
1.635511364542011786e-23
1.637196151102981905e-23
1.638881010082012715e-23
1.640565941339705575e-23
1.642250944596405382e-23
1.643936019642181776e-23
1.645621166277648874e-23
1.647306384217166545e-23
1.648991673336243178e-23
1.650677033290154769e-23
1.652362464007327524e-23
1.654047965108193143e-23
1.655733536549692678e-23
1.657419177945598653e-23
1.659104889253965022e-23
1.660790670116829657e-23
1.662476520461492935e-23
1.664162440007833963e-23
1.665848428611277517e-23
1.667534486158132721e-23
1.669220612360940955e-23
1.670906807507249882e-23
1.672593070443495763e-23
1.674279403610388963e-23
1.675965740532159360e-23
1.677652133173825476e-23
1.679339323881286647e-23
1.681027454892316573e-23
1.682714565021226913e-23
1.684399957501273196e-23
1.686085566261124884e-23
1.687772312392793695e-23
1.689459389552541097e-23
1.691146384015181814e-23
1.692833445607809332e-23
1.694520572400532879e-23
1.696207765104804835e-23
1.697895022905685528e-23
1.699582345830514021e-23
1.701269733407745748e-23
1.702957185584157559e-23
1.704644702015792165e-23
1.706332282572589052e-23
1.708019927030023509e-23
1.709707635147095391e-23
1.711395406821080301e-23
1.713083241723417286e-23
1.714771139822198431e-23
1.716459100752974643e-23
1.718147124497204851e-23
1.719835210711025219e-23
1.721523359330233476e-23
1.723211570090931143e-23
1.724899842822161079e-23
1.726588177382773155e-23
1.728276573488620706e-23
1.729965031095811654e-23
1.731653549858809435e-23
1.733342129765107083e-23
1.735030770474796887e-23
1.736719471938353215e-23
1.738408233891059145e-23
1.740097056175507757e-23
1.741785938653679262e-23
1.743474881048516696e-23
1.745163883323905344e-23
1.746852945141070380e-23
1.748542066490506758e-23
1.750231247048409275e-23
1.751920486753822967e-23
1.753609785375167806e-23
1.755299142725574280e-23
1.756988558709382714e-23
1.758678033028725780e-23
1.760367565669483440e-23
1.762057156297368903e-23
1.763746804894371246e-23
1.765436511176609463e-23
1.767126275033954723e-23
1.768816096306852475e-23
1.770505974748981110e-23
1.772195910324516850e-23
1.773885902710963701e-23
1.775575951905122263e-23
1.777266057602148058e-23
1.778956219735477249e-23
1.780646438108151644e-23
1.782336712512908667e-23
1.784027042894092479e-23
1.785717428945198808e-23
1.787407870666853016e-23
