7.770496252426028702e-06
7.728495193361662342e-06
7.685323747280643812e-06
7.640734932083099483e-06
7.594727308348621670e-06
7.547613234069148273e-06
7.499994039459690134e-06
7.452618267565395234e-06
7.406176701489925974e-06
7.361088575664229982e-06
7.317408741908535872e-06
7.274826996539501002e-06
7.232806859146550273e-06
7.190783441583046878e-06
7.148348649339656399e-06
7.105347677108250406e-06
7.061886236542214310e-06
7.018256866587583599e-06
6.974807325835218435e-06
6.931827873739935855e-06
6.889477416888257284e-06
6.847775159418018482e-06
6.806642365871604127e-06
6.765963892881342004e-06
6.725643224453728147e-06
6.685634892068090368e-06
6.645948612214002793e-06
6.606647691432170481e-06
6.567837572428212803e-06
6.529627994767520093e-06
6.492098515517662358e-06
6.455251678526277765e-06
6.418984828881903911e-06
6.383081199000697123e-06
6.347239943519673059e-06
6.311117130148869965e-06
6.274375503506125253e-06
6.236754869461983442e-06
6.198076583768929174e-06
6.158300560890463180e-06
6.117497908195333330e-06
6.075842128642374388e-06
6.033565510575148672e-06
5.990904922755136184e-06
5.948027083490630856e-06
5.904969998400137532e-06
5.861623007809512825e-06
5.817774110041125053e-06
5.773194546233994932e-06
5.727722796903016237e-06
5.681301316949962102e-06
5.633980234396783959e-06
5.585916121970242881e-06
5.537364257416842659e-06
5.488681124838963468e-06
5.440323448746996411e-06
5.392806602161946217e-06
5.346625840985380014e-06
5.302146065599898532e-06
5.259491864171912457e-06
5.218499980410271019e-06
5.178768873848032796e-06
5.139785379966325588e-06
5.101071806664612295e-06
5.062306265009058987e-06
5.023381677921633226e-06
4.984411841761713169e-06
4.945676626926382626e-06
4.907537281044374415e-06
4.870328304616645867e-06
4.834272844504495142e-06
4.799414500402193934e-06
4.765615324722016660e-06
4.732608126139456619e-06
4.700072349296502689e-06
4.667707121582467399e-06
4.635264555773835506e-06
4.602571234372130620e-06
4.569496017126474188e-06
4.535955539570142150e-06
4.501937522458498506e-06
4.467520111316934957e-06
4.432921825232229562e-06
4.398481775577896662e-06
4.364583013936031336e-06
4.331590816371043517e-06
4.299753587906286489e-06
4.269177044264158958e-06
4.239810510686604751e-06
4.211475194136306924e-06
4.183924406352583917e-06
4.156910684555829972e-06
4.130211151874464291e-06
4.103701315186597115e-06
4.077350618224362442e-06
4.051330244687576970e-06
4.025991130908277542e-06
4.001823715172973557e-06
3.979351954355849932e-06
3.958941222309607633e-06
3.940679942193911783e-06
3.924390897101723974e-06
3.909740382472402317e-06
3.896361815162444565e-06
3.883897052671007739e-06
3.871960821805061212e-06
3.860138415630765758e-06
3.847996259858615622e-06
3.835140720177711999e-06
3.821276143981283131e-06
3.806256448007489754e-06
3.790097418754935573e-06
3.772977067511989120e-06
3.755188211764654090e-06
3.737082513919482389e-06
3.719002167436840952e-06
3.701230806002841341e-06
3.683934869887557717e-06
3.667151621684439430e-06
3.650780913136062245e-06
3.634595839518488926e-06
3.618273977160103720e-06
3.601462703586738527e-06
3.583831248158351703e-06
3.565167190379811657e-06
3.545441613905114887e-06
3.524849489785605232e-06
3.503802219473333364e-06
3.482841670502514678e-06
3.462519855079153550e-06
3.443237375261617211e-06
3.425127652908744352e-06
3.408020548168215895e-06
3.391505486575596842e-06
3.375057217734268521e-06
3.358185288856771163e-06
3.340564660044578457e-06
3.322113748224178100e-06
3.303013126582470192e-06
3.283661409616873435e-06
3.264577056838836886e-06
3.246273708881498792e-06
3.229132214616994782e-06
3.213322214605102670e-06
3.198791157626745281e-06
3.185326019165872623e-06
3.172648225066052732e-06
3.160499286361781128e-06
3.148693238509917493e-06
3.137130898972088107e-06
3.125794845146618478e-06
3.114725392763621595e-06
3.103991985252727835e-06
3.093660691842045983e-06
3.083760783418328987e-06
3.074263974158583114e-06
3.065074551575937301e-06
3.056040684411583719e-06
3.046982034672582757e-06
3.037716106541737632e-06
3.028089887040900805e-06
3.018007466486612729e-06
3.007459775432357264e-06
2.996537604270212041e-06
2.985430776402800670e-06
2.974408428245779241e-06
2.963768904610407693e-06
2.953804896212537473e-06
2.944769917967371965e-06
2.936870827473444350e-06
2.930255204282132118e-06
2.925002432619051787e-06
2.921126228788035548e-06
2.918604300415673613e-06
2.917408053879199130e-06
2.917546490102418879e-06
2.919039349977168375e-06
2.921872677403369180e-06
2.925910696156846000e-06
2.930867683057221256e-06
2.936383782281646708e-06
2.942154885792235954e-06
2.948033197775434118e-06
2.954051166424251599e-06
2.960380144288000132e-06
2.967248855531829568e-06
2.974845785231849272e-06
2.983234755263629320e-06
2.992297018475370675e-06
3.001736092741227570e-06
3.011141713401486281e-06
3.020099442625484689e-06
3.028302533495660025e-06
3.035623243295102817e-06
3.042127904253555141e-06
3.048039092332370868e-06
3.053660967588397845e-06
3.059281308512346555e-06
3.065085441037294131e-06
3.071086975755028220e-06
3.077110973640721171e-06
3.082837937101311728e-06
3.087901171487439319e-06
3.091996417999897644e-06
3.094969194870671381e-06
3.096845775305182020e-06
3.097808410832826113e-06
3.098120493128995223e-06
3.098049910777233855e-06
3.097809734171713230e-06
3.097539637003072707e-06
3.097305510458145143e-06
3.097103274100129648e-06
3.096908415047203958e-06
3.096722376824526218e-06
3.096572135035524942e-06
3.096394076940840381e-06
3.096000974592738432e-06
3.095102771075479332e-06
3.093456815193274974e-06
3.090939087600064754e-06
3.087554895884350100e-06
3.083404383453400544e-06
3.078628892305815142e-06
3.073354140543015628e-06
3.067664855063446967e-06
3.063378971169773591e-06
3.066127985925532933e-06
3.067873287923776323e-06
3.068454634040438523e-06
3.067755783261564083e-06
3.065730480321890901e-06
3.062398212475599655e-06
3.057827009087648225e-06
3.052114304286778860e-06
3.045383014572374148e-06
3.037783946002353854e-06
3.029489931004553192e-06
3.020688258413530920e-06
3.011567891519686675e-06
3.002309610936054373e-06
2.993065755007036892e-06
2.983910018629495883e-06
2.974798740940821906e-06
2.965565633792841671e-06
2.955965944770331860e-06
2.945749919119401094e-06
2.934731897958684192e-06
2.922823006651350564e-06
2.910016810701919133e-06
2.896349461788306322e-06
2.881868833857938720e-06
2.866621490591163386e-06
2.850611825693102374e-06
2.833744948349874653e-06
2.815798886490574997e-06
2.796477161543668821e-06
2.775500792458795666e-06
2.752708318120072661e-06
2.728089831726101883e-06
2.701774767711656502e-06
2.673974171991691084e-06
2.644924047249085668e-06
2.614815825670200903e-06
2.583741755375516268e-06
2.551631647564025242e-06
2.518272124244486093e-06
2.483402074038867294e-06
2.446855023210417628e-06
2.408645902224858841e-06
2.368989137225819810e-06
2.328248219800936678e-06
2.286832155367011891e-06
2.245090158138046875e-06
2.203224442600922308e-06
2.161262044986704360e-06
2.119088458268691579e-06
2.076576566806036620e-06
2.033797791490656588e-06
1.991695749732019914e-06
1.950012096755295265e-06
1.908473631219119991e-06
1.867547476717479013e-06
1.826736126515949143e-06
1.786557624546315911e-06
1.747830638023187513e-06
1.710760867026522106e-06
1.675062454994021354e-06
1.640496845691161199e-06
1.606820974796207236e-06
1.573784194320837573e-06
1.541072996073567813e-06
1.508429312351938226e-06
1.475895372884092195e-06
1.443414410045816636e-06
1.410753865368455462e-06
1.378083938445043347e-06
1.345827511804498181e-06
1.314404932572401322e-06
1.283968188658151502e-06
1.254499357964479267e-06
1.226048109304201421e-06
1.198667907823871047e-06
1.172416437918285364e-06
1.148105895119292481e-06
1.129027940901242881e-06
1.113119007765327304e-06
1.098950095028931579e-06
1.085723412289756683e-06
1.073067689964751622e-06
1.061018746075383297e-06
1.049689756104705752e-06
1.038418621259467769e-06
1.027549269267554423e-06
1.017602434688050311e-06
1.009123064665007496e-06
1.002513244562748477e-06
9.981593495961276601e-07
9.960071912927257036e-07
9.954601541866861915e-07
9.960695106970249154e-07
9.974312452299536907e-07
9.991254293417910449e-07
1.000837015799066244e-06
1.002449374148205446e-06
1.003987592581769260e-06
1.005621865835176567e-06
1.008014791802612739e-06
1.011329846235351507e-06
1.015211287916802634e-06
1.019560044005625205e-06
1.024227070547225231e-06
1.028967675533947301e-06
1.033515150570445391e-06
1.037626075097484238e-06
1.041682503360307350e-06
1.047376354326519669e-06
1.052613639196944602e-06
1.056992481867567716e-06
1.060828420722012833e-06
1.064755218555082638e-06
1.069552791097417740e-06
1.075959414095942892e-06
1.084523023518200709e-06
1.095540851519114933e-06
1.108921085518180689e-06
1.123968276751451280e-06
1.139701776031137307e-06
1.155316994000156065e-06
1.170335778109941509e-06
1.184652860563649984e-06
1.198499012408915592e-06
1.212403908512377237e-06
1.226994912508989332e-06
1.242737124253495963e-06
1.259829220091288448e-06
1.277828844109472964e-06
1.296220738668248882e-06
1.315822029140369600e-06
1.336573452391148895e-06
1.357525363672510829e-06
1.378459288125370334e-06
1.400892486916255720e-06
1.424735547901909861e-06
1.449856075642172196e-06
1.476599525130365621e-06
1.504829083354630796e-06
1.533909471773529323e-06
1.562937960391360724e-06
1.591054078241664819e-06
1.617741626473993074e-06
1.642999780061561115e-06
1.667447350641363965e-06
1.692175298616903035e-06
1.718436568128996995e-06
1.747199444800627053e-06
1.778854073420058013e-06
1.813305227652341657e-06
1.849469828751149521e-06
1.885384598869264825e-06
1.919641667698317111e-06
1.951619531455539713e-06
1.981550203300452858e-06
2.010496349605557672e-06
2.040171935747153272e-06
2.072575025649658389e-06
2.109553067676835436e-06
2.153287305001649383e-06
2.208450412506862204e-06
2.270293166115830994e-06
2.337818812193612605e-06
2.409346667667889229e-06
2.483303206138508090e-06
2.559215916774170880e-06
2.637618739572849502e-06
2.719563973447392473e-06
2.806097034394017018e-06
2.897709675758257817e-06
2.993879152502145285e-06
3.093104597017434614e-06
3.193685998287288847e-06
3.294660973322853568e-06
3.396172166902253803e-06
3.499431769118820353e-06
3.606581981814565412e-06
3.720764301196084327e-06
3.845728934538471984e-06
3.985896630392104344e-06
4.147281431557208091e-06
4.335428398742171032e-06
4.549969890012978553e-06
4.787872574166375242e-06
5.045942234799667648e-06
5.320854828738464705e-06
5.609462758716863508e-06
5.908894219539443704e-06
6.216475851409494976e-06
6.529802303459014912e-06
6.847622415066194759e-06
7.174788392349602403e-06
7.527303852885370414e-06
7.892061805953872223e-06
8.240264078717385277e-06
8.554384051744262074e-06
8.821214210068043017e-06
9.029348365251338494e-06
9.169074081668244106e-06
9.232937961697547830e-06
9.215909103889206530e-06
9.116432907744959248e-06
8.936060649687760008e-06
8.679665506788931685e-06
8.355158350977055857e-06
7.973104294406020649e-06
7.546388149319550347e-06
7.090558399306691891e-06
6.625117939676361165e-06
6.166492323423972554e-06
5.735331226543254262e-06
5.333944317840951687e-06
4.959723162017842835e-06
4.639306328093275980e-06
4.350279324151697299e-06
4.059127325116537906e-06
3.780349967115458775e-06
3.506647535706624295e-06
3.239777083271265978e-06
2.986729029181578330e-06
2.755136167796061157e-06
2.549408630119672484e-06
2.371131345660866685e-06
2.225901428482853923e-06
2.109871615182215383e-06
2.009977827959367683e-06
1.926610415474861587e-06
1.865214206208276741e-06
1.808568218031550544e-06
1.748079477033031773e-06
1.678262580049101954e-06
1.596593777850737096e-06
1.503620318231596280e-06
1.403331653441241400e-06
1.300580877004870302e-06
1.205437848256070767e-06
1.126625632906619129e-06
1.060382136337794240e-06
1.003591650008149521e-06
9.621985870629634890e-07
9.269785159648169742e-07
8.930318525641164170e-07
8.601971345238666039e-07
8.299059500914613180e-07
8.043566151468923880e-07
7.806021125339507500e-07
7.592338882465782509e-07
7.401448946678119199e-07
7.200349391573564793e-07
6.965497934369981847e-07
6.696093852633422962e-07
6.398594082589676546e-07
6.077348409826171776e-07
5.740200989084361514e-07
5.397370072209393161e-07
5.080385359326965337e-07
4.858388524851683816e-07
4.659678906315989103e-07
4.472690500119063210e-07
4.316379023993633610e-07
4.223456846906433821e-07
4.227234928722688422e-07
4.266337198469907481e-07
4.321225511718547497e-07
4.375591111955898732e-07
4.437641708102385610e-07
4.476847919730654787e-07
4.495062524565459041e-07
4.495016033102940426e-07
4.481678465990604427e-07
4.462710801698494672e-07
4.442651132277613372e-07
4.427224728704041781e-07
4.423579952210701776e-07
4.435442414702103744e-07
4.459970154315406498e-07
4.489490743006836030e-07
4.517625156964947920e-07
4.538684833263130140e-07
4.550453819578083016e-07
4.553566626717180752e-07
4.549224886110640989e-07
4.538941239119575171e-07
4.525260304505866818e-07
4.512242163140371281e-07
4.504003671577676331e-07
4.501009267625816029e-07
4.504478123084218130e-07
4.503391975153041336e-07
4.490865963015797746e-07
4.465449346969795566e-07
4.434191446858398787e-07
4.400489171509711972e-07
4.372401466651024098e-07
4.347267218486783015e-07
4.325402754746248789e-07
4.306676023554143507e-07
4.289661544231601183e-07
4.273476477666118933e-07
4.261552409082120629e-07
4.257421563946092889e-07
4.256417735432261225e-07
4.257302533099604896e-07
4.259119679951626731e-07
4.264265714065651106e-07
4.274250690052013808e-07
4.287269593065797454e-07
4.300152695152128981e-07
4.310084424038423922e-07
4.315348765333149254e-07
4.315607839749718370e-07
4.311334345794097503e-07
4.303286601478438561e-07
4.292014946602140851e-07
4.278449346274346292e-07
4.264189501184564250e-07
4.250936923548035222e-07
4.239631863651447953e-07
4.229882455283542619e-07
4.220295121260654532e-07
4.208530516955528205e-07
4.191496237305282771e-07
4.167483716982079247e-07
4.137614804716754740e-07
4.102860816455065786e-07
4.064784907795755073e-07
4.027332654943095209e-07
3.994798062468193777e-07
3.969728558931809638e-07
3.952223945935426314e-07
3.941376508900697446e-07
3.936006878175249478e-07
3.934092110607502852e-07
3.933576035900256910e-07
3.933574757888258182e-07
3.933615967356206812e-07
3.931836883720866599e-07
3.925888893896888267e-07
3.914647703350425898e-07
3.898465375420318394e-07
3.879117790508450373e-07
3.859546287435038072e-07
3.843544616576850911e-07
3.835174838919770555e-07
3.837052444929457448e-07
3.847122552955082317e-07
3.860980720876220550e-07
3.875050019999378311e-07
3.886737991200511068e-07
3.894149853798363826e-07
3.896206056808440657e-07
3.892958476909558984e-07
3.885724772398107274e-07
3.876385702602215939e-07
3.867116580430881746e-07
3.859680412846590758e-07
3.854413144475276783e-07
3.851471541242338762e-07
3.851059714230328524e-07
3.853045012748236096e-07
3.856978296986113134e-07
3.861812720167289433e-07
3.865775770112308197e-07
3.866611539499946159e-07
3.862591752660163526e-07
3.853573764707701803e-07
3.841411183150002006e-07
3.828788955152641309e-07
3.818090227346866280e-07
3.807983229192681516e-07
3.795539384799611332e-07
3.779683338164121540e-07
3.760272143701499220e-07
3.743285769939841773e-07
3.736355300570684085e-07
3.727282343234109197e-07
3.715585511491713011e-07
3.702907032974491437e-07
3.689983697955853257e-07
3.676759116361326599e-07
3.665947215575753477e-07
3.656056237458191347e-07
3.646443022219452404e-07
3.638724959367300701e-07
3.633880552927387280e-07
3.631777105959035121e-07
3.631668217369099800e-07
3.632452723394659520e-07
3.632852732821453227e-07
3.631802776144297053e-07
3.628615630837193204e-07
3.622742620211512360e-07
3.613233632349821651e-07
3.598405785207585596e-07
3.576665553375882596e-07
3.547862041231345132e-07
3.513442748569687106e-07
3.475841747915086604e-07
3.438011525337962373e-07
3.402780806712662492e-07
3.372149555543183334e-07
3.346411988410175200e-07
3.323684301790334631e-07
3.300598558668957464e-07
3.273723939398891965e-07
3.240512584979794086e-07
3.199665706755850855e-07
3.151136909791088482e-07
3.095980907373839230e-07
3.036037494294611488e-07
2.973419354990011571e-07
2.909965267797967916e-07
2.846960353271956108e-07
2.785339443675119322e-07
2.725985502010836366e-07
2.669833152967323508e-07
2.617887637894759233e-07
2.570653469419946221e-07
2.527202564125667510e-07
2.486261389627141328e-07
2.445843090163764267e-07
2.401620075789077142e-07
2.352530993973552365e-07
2.299798749769160710e-07
2.246475288474950792e-07
2.195412544485943550e-07
2.146880983835522759e-07
2.100711798457300680e-07
2.057608848219790773e-07
2.019985912484825213e-07
1.991484739037689341e-07
1.975713689882666924e-07
1.967665916430802808e-07
1.965042048305249329e-07
1.966536420649037476e-07
1.968883899620567301e-07
1.969439154647010445e-07
1.966247204925560303e-07
1.957794252818996344e-07
1.944300883972635638e-07
1.927154152213062160e-07
1.907157924431952577e-07
1.886521710945394903e-07
1.867872828931385198e-07
1.852792128970959055e-07
1.841101322645031120e-07
1.832444174154814663e-07
1.826949494364294208e-07
1.823308734767018138e-07
1.818584029606063959e-07
1.810268104281103528e-07
1.797156382046380280e-07
1.779461938991671463e-07
1.758667803756806504e-07
1.737127482852713007e-07
1.717347747483689048e-07
1.701017286753320262e-07
1.688623715829670008e-07
1.679807287428584229e-07
1.673703594852824614e-07
1.669027467007593049e-07
1.663709251067311746e-07
1.656279794048256419e-07
1.647248742313396869e-07
1.638600981701412294e-07
1.632419081979303287e-07
1.629638282009577337e-07
1.630159877788447713e-07
1.632906907051146316e-07
1.635883233997133415e-07
1.636747751186430505e-07
1.633760680156372358e-07
1.626502324798322649e-07
1.615844116887280033e-07
1.603834184385513830e-07
1.593502557689995930e-07
1.585069456808837985e-07
1.577606352440620403e-07
1.570822419157491873e-07
1.564114845772667101e-07
1.557032044961169383e-07
1.550176927169501138e-07
1.548725507865419259e-07
1.548920576326814164e-07
1.547768249524276492e-07
1.544049781278786136e-07
1.536601446198064930e-07
1.524529129069332317e-07
1.507768035378381555e-07
1.487439187005619904e-07
1.466585517108055671e-07
1.446255455137303576e-07
1.426248180919791984e-07
1.407878324022827101e-07
1.392043038660929034e-07
1.378650792528992286e-07
1.366844212907034017e-07
1.355725382783339254e-07
1.345015662341171103e-07
1.333365421220789720e-07
1.319552058888996635e-07
1.303547199841300387e-07
1.285614409055096305e-07
1.266266768370935207e-07
1.246075139141478742e-07
1.225617818062125590e-07
1.206082952003072796e-07
1.188807538519041228e-07
1.174468681197804018e-07
1.164191420443009521e-07
1.157263185342342038e-07
1.151631613831968967e-07
1.146010783189034710e-07
1.140959558339951649e-07
1.137592344935165286e-07
1.133652882604863967e-07
1.127753434405973719e-07
1.119411587722015043e-07
1.107802406610111982e-07
1.093153056695026810e-07
1.076621829607817164e-07
1.059729308283474430e-07
1.043498736085697276e-07
1.027980104837268197e-07
1.012637229326215867e-07
9.970939430708193127e-08
9.827396737708953550e-08
9.729747729643464900e-08
9.659393205733857460e-08
9.591643256380894138e-08
9.513051254368361835e-08
9.430066156863829062e-08
9.370854746418752167e-08
9.366903776525811517e-08
9.398977127605708986e-08
9.435613911219226933e-08
9.452425742408304514e-08
9.428339340690781931e-08
9.360948949585136847e-08
9.271600785931806839e-08
9.144811545103357601e-08
8.978735075488692719e-08
8.787426795061994057e-08
8.595795304648137907e-08
8.411180571714691641e-08
8.308380349377831133e-08
