9.941817083760367575e-06
9.797084269211999832e-06
9.647329246465588965e-06
9.493156799492705197e-06
9.335208277526161046e-06
9.174165613939993822e-06
9.010755327883852229e-06
8.845750863341107184e-06
8.679973171562480795e-06
8.514286969095176440e-06
8.349592624524078760e-06
8.186814193703159572e-06
8.026884023762298660e-06
7.870724146223937733e-06
7.719228444211306752e-06
7.573244690938329424e-06
7.433557736900948573e-06
7.300874500154666614e-06
7.175810705166237152e-06
7.058877240568895177e-06
6.950469788693200626e-06
6.850859061940127333e-06
6.760182361212120717e-06
6.678437155433279880e-06
6.605477487111412654e-06
6.541011468781787081e-06
6.484604974643775714e-06
6.435689207363682471e-06
6.393572728279459290e-06
6.357457939402590214e-06
6.326461231529531949e-06
6.299635670270498077e-06
6.275996833852173143e-06
6.254548773393729503e-06
6.234308924706541885e-06
6.214330708884717398e-06
6.193722653114288037e-06
6.171665230229213894e-06
6.147421504576194879e-06
6.120343270342828248e-06
6.089873462657551255e-06
6.055545275815681608e-06
6.016979205034570808e-06
5.973878205217875636e-06
5.926022721533044860e-06
5.873266818913967894e-06
5.815535509148814804e-06
5.752823606879229176e-06
5.685196339510771628e-06
5.612790204997178333e-06
5.535814316515341042e-06
5.454551827860638096e-06
5.369359915084467993e-06
5.280668029718799855e-06
5.188974398275218245e-06
5.094840032096131744e-06
4.998880748910388205e-06
4.901758853799848919e-06
4.804174003170910417e-06
4.706854290844465361e-06
4.610548329885625068e-06
4.516018142680259358e-06
4.424032067625938585e-06
4.335359070096661705e-06
4.250762036814387406e-06
4.170989454977232532e-06
4.096764890699305963e-06
4.028773604230740074e-06
3.967643809581696407e-06
3.913927309492399503e-06
3.868077949427345721e-06
3.830430060079329699e-06
3.801179417463714862e-06
3.780370466145803658e-06
3.767883219540939557e-06
3.763476187133202456e-06
3.766572517954597035e-06
3.776719258144537240e-06
3.793151123112847022e-06
3.815051081393481542e-06
3.841531614211252658e-06
3.871663152523528916e-06
3.904504465629625054e-06
3.939130716399206779e-06
3.974657303025283987e-06
4.010257965635206360e-06
4.045178026025518934e-06
4.078740226784861185e-06
4.110345199178129769e-06
4.139467755447548444e-06
4.165650525126183114e-06
4.188496146484518940e-06
4.207661869133658440e-06
4.222856098896268891e-06
4.233837737435838271e-06
4.240418929664491883e-06
4.242472029761147730e-06
4.239928480920472214e-06
4.232795335536917314e-06
4.221147098981743880e-06
4.205132506818256432e-06
4.184968312038442581e-06
4.160931513087154303e-06
4.133349337505199693e-06
4.102587041579567271e-06
4.069036514984453481e-06
4.033107662124095015e-06
3.995222140557735347e-06
3.955810445910313908e-06
3.915312099325206834e-06
3.874177517952512027e-06
3.832869957443878661e-06
3.791866750007037516e-06
3.751657395671752759e-06
3.712737703541830582e-06
3.675599678345701153e-06
3.640717242380674613e-06
3.608527758009585819e-06
3.579412660744643349e-06
3.553677713003227941e-06
3.531535072889347055e-06
3.513089220174043403e-06
3.498328394402747977e-06
3.487120466197190914e-06
3.479217310546392134e-06
3.474265336207873707e-06
3.471821702970905271e-06
3.471376584387575697e-06
3.472371347402318971e-06
3.474234233062694525e-06
3.476393042409159093e-06
3.478301596411935499e-06
3.479455973978688714e-06
3.479407577244405373e-06
3.477767435999321536e-06
3.474209695352324874e-06
3.468467861787784374e-06
3.460329547188773430e-06
3.449629140012529110e-06
3.436240686830945903e-06
3.420072611692206700e-06
3.401063812868613176e-06
3.379183708990239496e-06
3.354435134636874534e-06
3.326859252964273596e-06
3.296541620815081068e-06
3.263618342404091697e-06
3.228280039527269734e-06
3.190773451369485885e-06
3.151399730261466884e-06
3.110508697908878432e-06
3.068489421865433031e-06
3.025757992563740639e-06
2.982742919671913743e-06
2.939869962327474049e-06
2.897548145973577813e-06
2.856157618071488802e-06
2.816040529676607135e-06
2.777495638899122656e-06
2.740776386933891704e-06
2.706092094618216876e-06
2.673612171898963595e-06
2.643471651249172476e-06
2.615777163093296729e-06
2.590612473331388147e-06
2.568042636226446521e-06
2.548115717440573551e-06
2.530863190128977571e-06
2.516298335615349897e-06
2.504413393024275425e-06
2.495176430315062905e-06
2.488529081990016249e-06
2.484383902241444765e-06
2.482622432072767131e-06
2.483109681381449283e-06
2.485679284747945343e-06
2.490153993843434936e-06
2.496349954699221332e-06
2.504083099509922389e-06
2.513174110032870626e-06
2.523451651086977698e-06
2.534752660832730449e-06
2.546919745116304473e-06
2.559796266936571364e-06
2.573220699882796376e-06
2.587021049398853820e-06
2.601011377135611498e-06
2.614991685409793868e-06
2.628751932294863020e-06
2.642080168693757815e-06
2.654774670677979353e-06
2.666658082073975631e-06
2.677591932865638400e-06
2.687489565203984430e-06
2.696325477128590515e-06
2.704139558771163999e-06
2.711035632290607309e-06
2.717173618471019160e-06
2.722756358598727655e-06
2.728012648936240450e-06
2.733178430978415211e-06
2.738478368015600233e-06
2.744109478483866709e-06
2.750229245864905387e-06
2.756949270245538360e-06
2.764334420530821014e-06
2.772407120796981257e-06
2.781155535492684238e-06
2.790544092049058950e-06
2.800524418412369069e-06
2.811044692631804606e-06
2.822056277995931334e-06
2.833516822484898718e-06
2.845389705331577962e-06
2.857640411738114377e-06
2.870230948655667549e-06
2.883113653433097108e-06
2.896226014689968509e-06
2.909487792435359714e-06
2.922801313905421673e-06
2.936055278959717464e-06
2.949131935939650253e-06
2.961916315336468131e-06
2.974306373121269053e-06
2.986222433854902571e-06
2.997614429092163999e-06
3.008465810464535249e-06
3.018793512524130411e-06
3.028643796919113068e-06
3.038084859490665435e-06
3.047197359540594715e-06
3.056064401924125426e-06
3.064762569678518208e-06
3.073355254321264114e-06
3.081889494146715306e-06
3.090396445921839304e-06
3.098895117356007164e-06
3.107398409940833526e-06
3.115920116912369061e-06
3.124481305987897232e-06
3.133114652528137235e-06
3.141865669123943600e-06
3.150790320577389758e-06
3.159949139571023525e-06
3.169398567379910458e-06
3.179180649575251827e-06
3.189312830806254516e-06
3.199779357320344287e-06
3.210525660697193583e-06
3.221456725860184008e-06
3.232439765230499582e-06
3.243311250321889332e-06
3.253887337285621208e-06
3.263976270416040671e-06
3.273391445438599231e-06
3.281963557320897930e-06
3.289550342446673814e-06
3.296043278126028284e-06
3.301370672148837007e-06
3.305496634686027037e-06
3.308416875031948675e-06
3.310152108436701813e-06
3.310738491503772730e-06
3.310222540412123570e-06
3.308648086048323775e-06
3.306053063961163101e-06
3.302463980352444405e-06
3.297893003194158944e-06
3.292337311308370966e-06
3.285779972761885526e-06
3.278191812917882763e-06
3.269534318824251118e-06
3.259762569886215172e-06
3.248828033822552074e-06
3.236681017416208623e-06
3.223272635852648841e-06
3.208556013299009905e-06
3.192487138449773293e-06
3.175025063519351959e-06
3.156131494288183319e-06
3.135769778841880409e-06
3.113903322427361935e-06
3.090493232959766580e-06
3.065495761425734320e-06
3.038859518921017609e-06
3.010522856887578851e-06
2.980411877380424596e-06
2.948439589875569429e-06
2.914506530281164516e-06
2.878503424775239897e-06
2.840315902023137575e-06
2.799831161974053294e-06
2.756946247635246301e-06
2.711577388595374522e-06
2.663669289831761251e-06
2.613203709466360705e-06
2.560206448350000532e-06
2.504751983152494014e-06
2.446965376856228134e-06
2.387021622200194600e-06
2.325142167683109361e-06
2.261589912580463118e-06
2.196663694491338280e-06
2.130693006767040878e-06
2.064033999607944598e-06
1.997067631840983343e-06
1.930199677557282622e-06
1.863862602705237863e-06
1.798518899386516238e-06
1.734664058787257779e-06
1.672827791669136135e-06
1.613572146006885390e-06
1.557484444186213862e-06
1.505163363900561389e-06
1.457199410250866783e-06
1.414148793978245348e-06
1.376502498435721404e-06
1.344653682364355381e-06
1.318866591728749057e-06
1.299248293221749354e-06
1.285732368431232864e-06
1.278073547608858676e-06
1.275846964134276988e-06
1.278496118334246632e-06
1.285304783133631188e-06
1.295476557079550272e-06
1.308141898658913245e-06
1.322392751918422682e-06
1.337310855201165646e-06
1.351993382567304404e-06
1.365575878488814726e-06
1.377254462803415529e-06
1.386304731756807926e-06
1.392098281190148510e-06
1.394116576571139400e-06
1.391962061852977097e-06
1.385349360061535681e-06
1.374115675738718298e-06
1.358200088333733179e-06
1.337629094868039566e-06
1.312494645849696532e-06
1.282932289013768262e-06
1.249104829938898411e-06
1.211195924729746602e-06
1.169424027272668583e-06
1.124081763343664329e-06
1.075606761022921120e-06
1.024688437776583940e-06
9.724125366992978525e-07
9.204343293596523310e-07
8.711564862949948261e-07
8.278484061281655937e-07
7.945772340118735858e-07
7.757618043323990075e-07
7.753005384224522364e-07
7.953154730470700909e-07
8.355202949586670335e-07
8.932536601287902182e-07
9.643670345449063401e-07
1.044208525145604753e-06
1.128320313702735543e-06
1.212803093957223626e-06
1.294462634151823494e-06
1.370852202059716581e-06
1.440279803082023815e-06
1.501799360644970031e-06
1.555186168408244431e-06
1.600889830779675778e-06
1.639951935169953980e-06
1.673875154795970891e-06
1.704443505067974067e-06
1.733499172765454323e-06
1.762695698171400227e-06
1.793259146297724329e-06
1.825801816230080381e-06
1.860232242561436369e-06
1.895778480992996621e-06
1.931123988121787043e-06
1.964631179623183658e-06
1.994614066976913086e-06
2.019625363960226514e-06
2.038718282643996287e-06
2.051660330282065011e-06
2.059075909881608483e-06
2.062492421714437651e-06
2.064270752388184687e-06
2.067390322102775737e-06
2.075069566459663366e-06
2.090272021678995337e-06
2.115139077377503592e-06
2.150496061162192408e-06
2.195556265743945072e-06
2.247917150410169206e-06
2.303825888545290340e-06
2.358641791829998097e-06
2.407388837068839720e-06
2.445313615469906835e-06
2.468402531324734138e-06
2.473813834594533622e-06
2.460581706124773587e-06
2.429769512097401968e-06
2.385371360258203530e-06
2.334792661360608212e-06
2.289380992556206437e-06
2.264252230296576098e-06
2.277790132123694146e-06
2.346916772932600842e-06
2.484470042271747286e-06
2.695125978377194613e-06
2.975391964427649565e-06
3.316112098981633206e-06
3.705512352533604341e-06
4.131322965922314616e-06
4.581838975337582803e-06
5.046278340866183582e-06
5.514813944545611072e-06
5.978505807940343805e-06
6.429229859187457918e-06
6.859619114625731216e-06
7.263038314175200749e-06
7.633580999845866012e-06
7.966079000201423487e-06
8.256118634821950683e-06
8.500076764968969413e-06
8.695138557222492664e-06
8.839316031037117445e-06
8.931462788930844384e-06
8.971338719543547324e-06
8.959197238179644738e-06
8.896629764367222295e-06
8.785590355601960119e-06
8.628865061426718131e-06
8.429877637934736904e-06
8.192612195379451708e-06
7.921522959925581962e-06
7.621416505839931043e-06
7.297347168780813179e-06
6.954498457020083030e-06
6.598060464510637338e-06
6.233108464791235374e-06
5.864487967632648488e-06
5.496700262964029086e-06
5.133808211360224596e-06
4.779357197739696918e-06
4.436315678098219084e-06
4.107039932969665775e-06
3.793266773355438555e-06
3.496130125811971060e-06
3.216208809844998261e-06
2.953598613066909597e-06
2.708002220885431659e-06
2.478829907562805168e-06
2.265302092548530179e-06
2.066542975439169821e-06
1.881659021362831670e-06
1.709795753754712785e-06
1.550170025867011068e-06
1.402079144981237308e-06
1.264891112592184348e-06
1.138021103439137826e-06
1.020902102652523945e-06
9.129578569082335083e-07
8.135836829345506405e-07
7.221401621995515774e-07
6.379621836257486677e-07
5.603831391993535425e-07
4.887728655588194175e-07
4.225872252696588876e-07
3.614295369422554239e-07
3.051320477336108886e-07
2.538809368203916450e-07
2.084345614710498672e-07
1.704952523060022790e-07
1.431374995706622465e-07
1.303384720810916823e-07
1.338768018412891054e-07
1.508349651221425141e-07
1.759586870242360978e-07
2.052027202453554062e-07
2.362013062875823864e-07
2.676740887786140927e-07
2.989187613183969168e-07
3.295274387875146790e-07
3.592415689625301277e-07
3.878801560935782808e-07
4.153061724345712216e-07
4.414141873741217751e-07
4.661292812622669088e-07
4.894110780931660861e-07
5.112585798344173118e-07
5.317129012802386565e-07
5.508553091172826974e-07
5.687999403261095428e-07
5.856813645101588506e-07
6.016382973572578466e-07
6.167957504206663196e-07
6.312483379920260293e-07
6.450479564817487903e-07
6.581980517371665554e-07
6.706556172677693828e-07
6.823407348374457749e-07
6.931519733801239749e-07
7.029855265424849976e-07
7.117546495801505809e-07
7.194062920058057793e-07
7.259326543121442225e-07
7.313759855949525763e-07
7.358259619089698541e-07
7.394104770473218893e-07
7.422808473983960726e-07
7.445937844267818262e-07
7.464931977454667745e-07
7.480945980965980466e-07
7.494744839299261955e-07
7.506661928502148678e-07
7.516628172843737858e-07
7.524262682958440279e-07
7.529005507797884924e-07
7.530275133692024894e-07
7.527581121048242504e-07
7.520685105533137696e-07
7.509609968282839348e-07
7.494665463330289674e-07
7.476387203024042142e-07
7.455432891145197119e-07
7.432449083316432498e-07
7.407930452823779537e-07
7.382096129898699258e-07
7.354807063885084817e-07
7.325537768625560082e-07
7.293409121851871484e-07
7.257277841494576757e-07
7.215869500826463732e-07
7.167933914121420062e-07
7.112396817899191194e-07
7.048487643805957044e-07
6.975825148022250012e-07
6.894449878654449518e-07
6.804801095779378204e-07
6.707639190712956971e-07
6.603932555629169753e-07
6.494723611917446414e-07
6.380994781336148834e-07
6.263555351655097163e-07
6.142966315584409305e-07
6.019512914950733255e-07
5.893229444245011737e-07
5.763967239628562034e-07
5.631492074088093799e-07
5.495592833775802874e-07
5.356182599580256685e-07
5.213375164355262600e-07
5.067524623412114390e-07
4.919223509344624986e-07
4.769260487873106466e-07
4.618544585224589693e-07
4.468008029216393460e-07
4.318500637633802473e-07
4.170693756560391650e-07
4.025008614610997068e-07
3.881579257008838641e-07
3.740256348409929267e-07
3.600650997607728890e-07
3.462212311531053920e-07
3.324326801790650946e-07
3.186422798514938016e-07
3.048065591648917973e-07
2.909030170430458204e-07
2.769342471674358410e-07
2.629284539907104733e-07
2.489362551661143031e-07
2.350243871945424791e-07
2.212671474207675300e-07
2.077367386652838488e-07
1.944939158225518459e-07
1.815803364710504439e-07
1.690139413177668503e-07
1.567884442315937732e-07
1.448770944710782250e-07
1.332404097605750985e-07
1.218369846493510771e-07
1.106362997810802471e-07
9.963271034842117593e-08
8.886052747397583651e-08
7.841194258271888595e-08
6.846157513843909274e-08
5.930327235186813283e-08
5.140151295816559156e-08
4.542796437316136082e-08
4.217134850401094699e-08
4.217303582776151611e-08
4.531346218099399872e-08
5.086818551872642329e-08
5.801073084673024787e-08
6.610210252331776469e-08
7.472287626662015085e-08
8.361185893886401986e-08
9.260573547669942950e-08
1.015981717314003032e-07
1.105148092132573686e-07
1.192986670433043988e-07
1.279018470075285383e-07
1.362811957533182746e-07
1.443963543171292464e-07
1.522091388473368543e-07
1.596835114739056054e-07
1.667857796367489591e-07
1.734846595440451081e-07
1.797511022517463235e-07
1.855579820228535186e-07
1.908797697507206508e-07
1.956923264708946736e-07
1.999731274450167878e-07
2.037020122417483354e-07
2.068623586939340099e-07
2.094427588633979418e-07
2.114389927951003670e-07
2.128559426816105212e-07
2.137092842707205933e-07
2.140256793331558595e-07
2.138490866999560709e-07
2.132285341949107913e-07
2.122286917125083970e-07
2.109216324948931636e-07
2.093855873550320901e-07
2.077020738605746113e-07
2.059534669062745781e-07
2.042209927851227899e-07
2.025835138842443120e-07
2.011171653219039163e-07
1.998957342089411309e-07
1.989911757230666954e-07
1.984740500119899139e-07
1.984123572151527625e-07
1.988740938828531015e-07
1.999166120245227137e-07
2.015891178392621284e-07
2.039247598743358571e-07
2.069353529666919677e-07
2.106067304717162229e-07
2.148956823388599033e-07
2.197290801151244242e-07
2.250053651947422409e-07
2.305985964805875181e-07
2.363640324376182438e-07
2.421449769395889465e-07
2.477802466096052760e-07
2.531116791812488749e-07
2.579911299275038452e-07
2.622870724288285029e-07
2.658901230869366329e-07
2.687174817225870333e-07
2.707162763323819975e-07
2.718658487595023477e-07
2.721741232623005955e-07
2.716950066623420922e-07
2.704936578511937979e-07
2.686743629237958148e-07
2.663612130878753971e-07
2.636949767458479783e-07
2.608262454767717357e-07
2.579075366991917836e-07
2.550850584220116231e-07
2.524906645233873554e-07
2.502345560081727507e-07
2.483995618856265442e-07
2.470377676166441349e-07
2.461697553582109726e-07
2.457858607933548247e-07
2.458529476484713159e-07
2.463160491299635598e-07
2.471088287361974461e-07
2.481591335378806899e-07
2.493949059781399265e-07
2.507490821246258606e-07
2.521628579222052588e-07
2.535877072679659965e-07
2.549862274695099993e-07
2.563321026177396144e-07
2.576094981043552208e-07
2.588121457801387038e-07
2.599422496330731552e-07
2.610093581809593576e-07
2.620291892453807802e-07
2.630223444218749385e-07
2.640128076128830349e-07
2.650260517067284577e-07
2.660867803208982087e-07
2.672162662946898438e-07
2.684293902230886124e-07
2.697315958711756985e-07
2.711160578370188991e-07
2.725614881510099318e-07
2.740308867636347820e-07
2.754715074633439942e-07
2.768162032158919732e-07
2.779861370261689034e-07
2.788945340118725041e-07
2.794515288781726991e-07
2.795702168381156994e-07
2.791659819818355512e-07
2.781736426695293432e-07
2.765385600689804351e-07
2.742261383676697990e-07
2.712219652617418069e-07
2.675323900776650349e-07
2.631838983694666230e-07
2.582213441531588005e-07
2.527053338163828506e-07
2.467090538233954567e-07
2.403145519421420457e-07
2.336089934955574318e-07
2.266810847632305287e-07
2.196177122326626550e-07
2.125009932160016660e-07
2.054058464994386079e-07
1.983980291741017197e-07
1.915327152216230972e-07
1.848536632890086646e-07
1.783928443185372926e-07
1.721705545902971125e-07
1.661960082605749862e-07
1.604683803173914576e-07
1.549783135727161627e-07
1.497098568282977322e-07
1.446427159253592539e-07
1.397547144983866600e-07
1.350243033327436775e-07
1.304329391971398025e-07
1.259671287299600966e-07
1.216198833723130397e-07
1.173914302748620659e-07
1.132890216421726287e-07
1.093257618160504563e-07
1.055184694305377808e-07
1.018846599622637951e-07
9.843905779814579934e-08
9.519006862474109065e-08
9.213680958497882885e-08
8.926731299655617421e-08
8.655838155072788414e-08
8.397739743134563455e-08
8.148595578279218325e-08
7.904482807665901174e-08
7.661957034866833687e-08
7.418598448793962401e-08
7.173469117741464165e-08
6.927415025132776836e-08
6.683156571635835161e-08
6.445139907600137191e-08
6.219127064034793904e-08
6.011529964168776099e-08
5.828545153602403211e-08
5.675181875157159207e-08
5.554392789670471703e-08
5.466526556150208001e-08
5.409272098972283058e-08
5.378140393703709630e-08
5.367341235735654915e-08
5.371072496296028685e-08
5.384096624347592278e-08
5.402995466765034783e-08
5.426334599073439132e-08
5.454751149326127183e-08
5.490625114487646175e-08
5.537441774070705270e-08
5.598950253877384867e-08
5.678261539300960199e-08
5.777051333219678144e-08
5.895032823707175073e-08
6.029802012462235092e-08
6.177070448106708430e-08
6.331201436714955697e-08
6.485898696683740722e-08
